0010111011000101 
1001000011010110 
0111100010101101 
1110011000011110 
1100100101110000 
1101101001010011 
1110010110110110 
0101011000010100 
0010000111001001 
1111101010101101 
1100101000010110 
0101001101011001 
1100110101100100 
1010100001011100 
0010010101010010 
0100110010100110 
1100110010000011 
1000110111010101 
0101001011110110 
0000011101011101 
0001011100101100 
0100010010101111 
1010000110001011 
1000001101010001 
1000111011001100 
0100001111110000 
0000111101010100 
0000010000001001 
1100001101101110 
0010100101001101 
1101011000110100 
1001100001011010 
1101001100011101 
0110110110001111 
1101100111000000 
0100011010011101 
1101011011110101 
1001101110011010 
1111000110101001 
1010001000100110 
1100010000101000 
1001100001100101 
1000110010110110 
0010000001011111 
1111110010010100 
1110110110100110 
0001111111010000 
0010111001000001 
0010110110110110 
0010101111010111 
0001011001101010 
0011011011011001 
0011100101111111 
1011000001011110 
0011001010010111 
1011011100101011 
1111111000010110 
1011111001011010 
1111111011100111 
0111111011100001 
1101100100010110 
1010000000101000 
0000011101000101 
1101101110010110 
0001100010011000 
1000100101100101 
0100000110000100 
0000011100011011 
1010110101100101 
0110011001000101 
1111100001001100 
1100010011101100 
0100011100011011 
1101100100011011 
1010011110100101 
0000010010001000 
0010100111010011 
0110010111101111 
1111011010000110 
1000011100011000 
1000000101000100 
1101101010010010 
1100010000111010 
0000011101000001 
0101100010010000 
0101101110011000 
1100101100100100 
1011101001110010 
0110110101100100 
0101111101010110 
1010011000010110 
1100010010101010 
1010011001010111 
0011101100010100 
1010010110110111 
1111110111111011 
0011100010010101 
0010100100011000 
0000010111100100 
1100100110001110 
1110011001001100 
0011000111000010 
0011000100000110 
0001111000110000 
0010111111010010 
1110100001010111 
1101001111110111 
1110001101100101 
1110001000010111 
0011000110110111 
1100011001001101 
1101111010011001 
1000110101011100 
0011110011001101 
0101010001010100 
1100101001000001 
1110110110111101 
0011010101010111 
1010101011101111 
1010000110011001 
1101110000011000 
0100011101001000 
0000001101101001 
0100100101000100 
1111100101011001 
0010001011000001 
0001001001011011 
0000110100011111 
1110111110000110 
0000111001010101 
0100100000001000 
1101011100001001 
1110010100011100 
1111010010010100 
0011000110101111 
0011000010000110 
0111001101011001 
0101111011001001 
0011001011000100 
0010001110010000 
1101001010100001 
0010000101001000 
1111011111010000 
0010001001100110 
1011110000000001 
1011101100100100 
0110111011000000 
0001011001110100 
1101010111110111 
0010110001101101 
1000101010001010 
0111011011110111 
1000001101101101 
0111111101000000 
0011101100010111 
0101100110000001 
0011010001100111 
1010000101011001 
0010110100100100 
0100111011011011 
0000000111111001 
1000100110100111 
0010111000010010 
1101111001101000 
0000111101101001 
0000100000010101 
0011110011000010 
0010111101010001 
0001101010100101 
1101100011101101 
1100100001100000 
0010100010101101 
0110010000011001 
0001000010100101 
1000101010000100 
0010111010110100 
1010100110000010 
1110011011000001 
0010010011010100 
0101010011011010 
0000100110001001 
0110101101101111 
0010001011011101 
0011111001001010 
0110001111011101 
0010101010001101 
1101011011100100 
0101001111110101 
0100111000110101 
0001010111101001 
1101001101101011 
1010001101011001 
0011011010010010 
0001101011000000 
0001010010001110 
0111110101101010 
1001101001110100 
0111010110111001 
0001100000001001 
1111010010011010 
1110110101111110 
0001101000110101 
1001001010010011 
0101111101000010 
0001111111010000 
0101110111011110 
0110100111100000 
0001011010001100 
0101010011101001 
0100100101011101 
0000111101100101 
1100100000011110 
1100100100010101 
0011011100010111 
0101100100100011 
0100001101010111 
0001101010000110 
0101000100011000 
0100001100000010 
0000001000001011 
0101000111111010 
0101111001000010 
0000101010010010 
1101111100011110 
0101011010101110 
0011100101000101 
0110001110110011 
0110111001110110 
0011011001010100 
1110100100010011 
1110011111100001 
0001011001010100 
0110000111111001 
0100110110000011 
0011111101010110 
0110001010011100 
0000111110101101 
1011101110010110 
1011101101110011 
1110010001101100 
0000010101101101 
0000101001010000 
0100100110100000 
1000011000110101 
1000100111001101 
1100110111000100 
1001001000011001 
0101110001010101 
1000111101001101 
1011001110100110 
